0 0
0.001346 0.002911
0.000956 0.023830
0.000630 0.040706
0.000370 0.053401
0.000182 0.061726
0.000074 0.065429
0.000052 0.064169
0.000132 0.057490
0.000357 0.044765
0.000782 0.025097
0.025879 0.005917
0.010492 0.030850
0.006937 0.048554
0.004071 0.061813
0.002053 0.070430
0.000839 0.074137
0.000656 0.072571
0.001684 0.065238
0.004287 0.051455
0.009026 0.030238
0.049210 0.006301
0.019302 0.037623
0.012644 0.056278
0.007319 0.070179
0.003522 0.079128
0.001423 0.082840
0.001218 0.080929
0.003306 0.072862
0.008365 0.057896
0.017360 0.034959
0.065915 0.006444
0.027403 0.044091
0.017708 0.063847
0.010096 0.078491
0.004674 0.087819
0.001784 0.091538
0.001665 0.089235
0.004950 0.080338
0.012462 0.064047
0.025372 0.039203
0.076029 0.006519
0.036054 0.050017
0.022014 0.071221
0.012245 0.086733
0.005459 0.096503
0.001927 0.100229
0.002078 0.097478
0.006547 0.087641
0.016283 0.069863
0.032529 0.042880
0.079622 0.006565
0.044021 0.054198
0.025376 0.078343
0.013803 0.094887
0.005860 0.105177
0.001924 0.108912
0.002418 0.105644
0.008004 0.094736
0.019492 0.075290
0.037241 0.045478
0.076698 0.006596
0.046689 0.057127
0.027464 0.085130
0.014513 0.102924
0.005833 0.113838
0.001763 0.117585
0.002651 0.113716
0.009012 0.101584
0.021537 0.080271
0.038127 0.047269
0.067175 0.006618
0.043711 0.059302
0.027685 0.091455
0.014151 0.110806
0.005364 0.122482
0.001462 0.126244
0.002705 0.121672
0.009321 0.108138
0.021625 0.084743
0.034875 0.048580
0.050870 0.006635
0.034696 0.060982
0.023361 0.096831
0.012237 0.118468
0.004263 0.131103
0.001068 0.134886
0.002437 0.129482
0.008363 0.114341
0.018656 0.088643
0.027275 0.049582
0.027486 0.006649
0.019366 0.062320
0.013609 0.101141
0.007789 0.125806
0.002461 0.139692
0.000543 0.143504
0.001618 0.137109
0.005347 0.120130
0.010625 0.091876
0.015101 0.050373
0.001627 0.002893
0.001175 0.023817
0.000795 0.040696
0.000486 0.053394
0.000256 0.061722
0.000112 0.065427
0.000069 0.064168
0.000152 0.057490
0.000397 0.044764
0.000866 0.025093
0.025880 0.005917
0.011959 0.030748
0.008000 0.048480
0.004815 0.061764
0.002462 0.070402
0.001045 0.074124
0.000720 0.072568
0.001722 0.065238
0.004423 0.051448
0.009412 0.030213
0.049217 0.006301
0.021150 0.037498
0.013973 0.056186
0.008241 0.070118
0.004078 0.079092
0.001665 0.082824
0.001281 0.080925
0.003342 0.072861
0.008479 0.057890
0.017672 0.034938
0.065923 0.006444
0.028965 0.043983
0.018863 0.063767
0.010882 0.078437
0.005184 0.087787
0.002021 0.091522
0.001771 0.089230
0.004988 0.080338
0.012485 0.064045
0.025490 0.039195
0.076036 0.006519
0.036071 0.050014
0.022766 0.071169
0.012811 0.086697
0.005840 0.096479
0.002158 0.100216
0.002203 0.097471
0.006611 0.087639
0.016284 0.069862
0.032559 0.042879
0.079630 0.006565
0.044027 0.054197
0.025684 0.078322
0.014049 0.094869
0.006086 0.105164
0.002108 0.108902
0.002572 0.105636
0.008114 0.094729
0.019600 0.075283
0.037248 0.045478
0.076706 0.006596
0.046726 0.057127
0.027489 0.085128
0.014557 0.102921
0.005935 0.113833
0.001900 0.117578
0.002852 0.113705
0.009309 0.101566
0.021951 0.080243
0.038125 0.047267
0.067182 0.006618
0.043716 0.059301
0.027699 0.091455
0.014170 0.110804
0.005371 0.122482
0.001563 0.126240
0.002968 0.121657
0.009858 0.108103
0.022538 0.084683
0.034879 0.048579
0.050877 0.006635
0.034701 0.060981
0.023359 0.096830
0.012468 0.118452
0.004321 0.131101
0.001113 0.134883
0.002761 0.129462
0.009154 0.114290
0.018751 0.088643
0.027279 0.049581
0.027488 0.006649
0.019403 0.062319
0.013645 0.101141
0.008364 0.125768
0.002584 0.139686
0.000566 0.143502
0.001902 0.137090
0.006131 0.120079
0.010663 0.091877
0.015098 0.050372
0.002082 0.002802
0.001532 0.023746
0.001057 0.040643
0.000663 0.053359
0.000359 0.061702
0.000158 0.065417
0.000079 0.064166
0.000154 0.057490
0.000429 0.044757
0.000975 0.025071
0.025884 0.005915
0.014492 0.030244
0.009856 0.048110
0.006057 0.061516
0.003182 0.070257
0.001361 0.074061
0.000786 0.072555
0.001729 0.065237
0.004603 0.051412
0.010034 0.030089
0.049218 0.006301
0.024107 0.036912
0.016141 0.055755
0.009701 0.069829
0.004932 0.078922
0.002052 0.082747
0.001374 0.080907
0.003345 0.072861
0.008618 0.057862
0.018177 0.034838
0.065923 0.006444
0.031386 0.043504
0.020656 0.063413
0.012106 0.078195
0.005922 0.087641
0.002383 0.091451
0.001884 0.089208
0.004994 0.080337
0.012524 0.064038
0.025675 0.039157
0.076037 0.006519
0.036993 0.049809
0.023887 0.070948
0.013606 0.086539
0.006356 0.096378
0.002451 0.100158
0.002340 0.097445
0.006656 0.087630
0.016291 0.069861
0.032560 0.042879
0.079630 0.006565
0.044029 0.054196
0.026136 0.078233
0.014410 0.094798
0.006366 0.105109
0.002326 0.108860
0.002747 0.105602
0.008270 0.094698
0.019767 0.075250
0.037247 0.045477
0.076706 0.006596
0.046728 0.057126
0.027528 0.085121
0.014619 0.102909
0.006030 0.113815
0.002050 0.117548
0.003089 0.113659
0.009695 0.101491
0.022573 0.080121
0.038129 0.047268
0.067183 0.006618
0.043718 0.059300
0.027701 0.091454
0.014197 0.110799
0.005377 0.122481
0.001658 0.126221
0.003301 0.121591
0.010616 0.107954
0.023238 0.084570
0.034881 0.048578
0.050878 0.006635
0.034703 0.060980
0.023361 0.096830
0.012821 0.118383
0.004358 0.131094
0.001170 0.134872
0.003212 0.129373
0.010332 0.114056
0.018758 0.088643
0.027281 0.049581
0.027488 0.006649
0.019405 0.062319
0.013647 0.101140
0.009239 0.125596
0.002734 0.139656
0.000597 0.143496
0.002367 0.136998
0.007342 0.119839
0.010663 0.091877
0.015100 0.050372
0.003046 0.002451
0.002329 0.023453
0.001667 0.040419
0.001087 0.053203
0.000610 0.061609
0.000271 0.065375
0.000103 0.064157
0.000158 0.057488
0.000507 0.044729
0.001237 0.024974
0.026482 0.005649
0.019674 0.028347
0.013726 0.046693
0.008689 0.060551
0.004725 0.069691
0.002044 0.073811
0.000927 0.072503
0.001742 0.065232
0.004983 0.051272
0.011344 0.029609
0.049218 0.006301
0.029659 0.034888
0.020247 0.054259
0.012475 0.068816
0.006562 0.078327
0.002792 0.082477
0.001551 0.080842
0.003347 0.072860
0.008879 0.057767
0.019136 0.034488
0.065924 0.006444
0.035616 0.041968
0.023788 0.062276
0.014241 0.077420
0.007208 0.087174
0.003010 0.091223
0.002079 0.089138
0.005003 0.080334
0.012591 0.064013
0.026006 0.039037
0.076037 0.006518
0.039428 0.048927
0.025729 0.070282
0.014908 0.086068
0.007197 0.096074
0.002929 0.099985
0.002562 0.097364
0.006727 0.087604
0.016301 0.069858
0.032561 0.042880
0.079630 0.006565
0.044029 0.054197
0.026846 0.077976
0.014974 0.094595
0.006803 0.104951
0.002665 0.108737
0.003022 0.105503
0.008520 0.094608
0.020041 0.075151
0.037248 0.045476
0.076707 0.006596
0.046729 0.057126
0.027587 0.085099
0.014712 0.102875
0.006176 0.113762
0.002280 0.117466
0.003463 0.113523
0.010319 0.101265
0.023618 0.079744
0.038128 0.047267
0.067183 0.006618
0.043719 0.059300
0.027704 0.091454
0.014238 0.110784
0.005384 0.122478
0.001808 0.126167
0.003844 0.121395
0.011885 0.107494
0.023238 0.084570
0.034882 0.048578
0.050878 0.006635
0.034704 0.060980
0.023362 0.096830
0.013408 0.118171
0.004417 0.131073
0.001267 0.134836
0.003999 0.129087
0.012446 0.113289
0.018759 0.088643
0.027282 0.049580
0.027488 0.006649
0.019406 0.062319
0.013648 0.101140
0.009445 0.125540
0.003024 0.139550
0.000657 0.143474
0.003287 0.136661
0.007886 0.119682
0.010661 0.091876
0.015101 0.050372
0.003369 0.002300
0.003044 0.023095
0.002758 0.039831
0.002475 0.052392
0.001665 0.060975
0.000787 0.065063
0.000213 0.064090
0.000175 0.057478
0.000863 0.044514
0.001999 0.024541
0.033012 0.002300
0.029624 0.022830
0.025138 0.039939
0.016780 0.055750
0.009586 0.066802
0.004226 0.072513
0.001381 0.072234
0.001779 0.065209
0.006180 0.050562
0.015372 0.027220
0.055485 0.002323
0.043489 0.026755
0.030545 0.048201
0.019446 0.064716
0.010648 0.075924
0.004641 0.081390
0.001990 0.080584
0.003352 0.072857
0.009527 0.057386
0.021534 0.033077
0.065942 0.006429
0.044880 0.036550
0.030581 0.058306
0.018825 0.074743
0.009944 0.085577
0.004336 0.090450
0.002489 0.088899
0.005020 0.080323
0.012734 0.063929
0.026733 0.038613
0.076037 0.006519
0.044231 0.046130
0.029308 0.068200
0.017407 0.084616
0.008795 0.095146
0.003834 0.099459
0.002982 0.097121
0.006865 0.087524
0.016319 0.069847
0.032563 0.042877
0.079631 0.006564
0.044062 0.054173
0.028130 0.077232
0.015981 0.094011
0.007581 0.104500
0.003268 0.108388
0.003518 0.105216
0.008983 0.094339
0.020572 0.074843
0.037249 0.045477
0.076707 0.006595
0.046729 0.057127
0.027688 0.085042
0.014874 0.102781
0.006428 0.113616
0.002683 0.117233
0.004136 0.113134
0.011491 0.100584
0.024529 0.079275
0.038130 0.047266
0.067183 0.006619
0.043720 0.059298
0.027707 0.091454
0.014310 0.110744
0.005397 0.122471
0.002085 0.126005
0.004878 0.120794
0.014460 0.105995
0.023239 0.084570
0.034884 0.048577
0.050878 0.006636
0.034705 0.060979
0.023364 0.096829
0.014546 0.117510
0.004534 0.131005
0.001468 0.134719
0.005715 0.128083
0.013851 0.112592
0.018759 0.088641
0.027284 0.049579
0.027488 0.006648
0.019407 0.062318
0.013650 0.101141
0.009446 0.125539
0.003775 0.139108
0.000816 0.143381
0.005819 0.135166
0.007886 0.119682
0.010663 0.091875
0.015102 0.050371
0.003397 0.002273
0.003388 0.022753
0.003382 0.039210
0.003375 0.051508
0.003365 0.059456
0.003352 0.062796
0.003331 0.061188
0.002534 0.055184
0.002527 0.043019
0.002531 0.024016
0.033325 0.001990
0.032839 0.019622
0.032213 0.033341
0.031414 0.043000
0.030356 0.048445
0.028878 0.049517
0.028938 0.045009
0.027737 0.039277
0.024308 0.033300
0.024509 0.019090
0.056029 0.001794
0.054282 0.017571
0.052097 0.029654
0.049297 0.037997
0.048181 0.040283
0.048069 0.038781
0.047403 0.035360
0.046260 0.029951
0.044602 0.022593
0.041487 0.014208
0.071826 0.001678
0.068107 0.016471
0.065145 0.026289
0.064337 0.030871
0.063028 0.033437
0.061482 0.033747
0.059833 0.031688
0.058126 0.027222
0.056323 0.020387
0.054481 0.011121
0.081263 0.001317
0.079034 0.012859
0.076660 0.021947
0.074238 0.028528
0.071758 0.032647
0.069186 0.034365
0.066472 0.033749
0.063473 0.030950
0.059791 0.026367
0.053637 0.021755
0.083450 0.002745
0.079367 0.019223
0.079368 0.026343
0.077367 0.032895
0.074576 0.037710
0.071284 0.040529
0.067334 0.041526
0.062354 0.041083
0.054855 0.040680
0.056217 0.026510
0.079975 0.003327
0.074000 0.029856
0.073423 0.039324
0.073803 0.043893
0.071599 0.048509
0.067807 0.052209
0.062474 0.054967
0.054644 0.057744
0.050283 0.053525
0.055473 0.029924
0.069802 0.003999
0.066398 0.036622
0.062187 0.056975
0.063443 0.061626
0.062697 0.065173
0.058725 0.069435
0.051725 0.074237
0.042736 0.078347
0.046453 0.061354
0.049419 0.034044
0.052735 0.004778
0.051214 0.044472
0.049330 0.070865
0.046922 0.085321
0.047737 0.087837
0.043864 0.092383
0.034875 0.099546
0.034924 0.091519
0.036581 0.070819
0.037915 0.038950
0.028428 0.005707
0.028085 0.053642
0.027638 0.087154
0.027066 0.107920
0.026311 0.116904
0.022969 0.121305
0.019473 0.121712
0.019993 0.107575
0.020390 0.082150
0.020686 0.044787
0.003406 0.002264
0.003401 0.022739
0.003398 0.039197
0.003391 0.051494
0.003380 0.059441
0.003366 0.062781
0.003348 0.061173
0.003264 0.054239
0.002543 0.043001
0.002545 0.024001
0.033339 0.001975
0.032838 0.019620
0.032215 0.033336
0.031417 0.042996
0.030357 0.048444
0.029466 0.048758
0.028999 0.044932
0.027943 0.039023
0.026279 0.030893
0.024527 0.019059
0.056043 0.001778
0.054285 0.017567
0.052098 0.029653
0.050455 0.036379
0.049775 0.038304
0.048838 0.037829
0.047676 0.035021
0.046303 0.029902
0.044707 0.022464
0.042899 0.012535
0.071846 0.001654
0.069145 0.015010
0.067423 0.023497
0.065749 0.029123
0.064038 0.032180
0.062290 0.032746
0.060509 0.030851
0.058704 0.026506
0.056880 0.019709
0.055043 0.010452
0.081289 0.001290
0.079150 0.012718
0.076937 0.021606
0.074676 0.027985
0.072383 0.031869
0.070062 0.033273
0.067718 0.032199
0.065353 0.028624
0.062998 0.022449
0.060822 0.013233
0.083726 0.002339
0.081347 0.016843
0.079551 0.026121
0.077395 0.032859
0.074950 0.037248
0.072280 0.039288
0.069413 0.038947
0.066359 0.036134
0.063187 0.030524
0.060453 0.020582
0.079977 0.003321
0.075802 0.027272
0.075285 0.037043
0.073932 0.043737
0.071769 0.048298
0.068968 0.050767
0.065617 0.051064
0.061750 0.048980
0.057520 0.043780
0.055493 0.029893
0.069802 0.003996
0.066402 0.036619
0.064059 0.054357
0.064193 0.060698
0.062760 0.065099
0.060059 0.067781
0.056269 0.068602
0.051481 0.067165
0.046523 0.061253
0.049423 0.034039
0.052736 0.004777
0.051216 0.044467
0.049334 0.070858
0.047963 0.083912
0.047736 0.087837
0.045388 0.090495
0.041222 0.091694
0.035474 0.090670
0.036600 0.070801
0.037918 0.038943
0.028446 0.005689
0.028087 0.053638
0.027640 0.087149
0.027068 0.107915
0.026380 0.116817
0.024676 0.119191
0.020242 0.120545
0.019997 0.107567
0.020393 0.082144
0.020704 0.044768
0.003406 0.002263
0.003402 0.022738
0.003398 0.039197
0.003391 0.051494
0.003381 0.059441
0.003368 0.062781
0.003348 0.061173
0.003312 0.054164
0.002832 0.042345
0.002548 0.023994
0.033340 0.001976
0.032839 0.019618
0.032216 0.033334
0.031418 0.042995
0.030364 0.048421
0.029772 0.048176
0.029023 0.044888
0.028013 0.038890
0.026780 0.029952
0.025483 0.017210
0.056045 0.001775
0.054289 0.017555
0.052692 0.028359
0.051574 0.034256
0.050408 0.037100
0.049149 0.037237
0.047784 0.034815
0.046312 0.029885
0.044736 0.022411
0.043085 0.012189
0.071948 0.001445
0.069930 0.013543
0.068086 0.022247
0.066274 0.028126
0.064457 0.031383
0.062626 0.032105
0.060778 0.030340
0.058912 0.026111
0.057027 0.019433
0.055121 0.010307
0.081289 0.001290
0.079172 0.012677
0.077022 0.021445
0.074845 0.027665
0.072648 0.031365
0.070440 0.032553
0.068230 0.031226
0.066029 0.027343
0.063863 0.020822
0.061792 0.011434
0.083998 0.001841
0.081708 0.016168
0.079601 0.026026
0.077406 0.032839
0.075103 0.036958
0.072709 0.038471
0.070254 0.037347
0.067776 0.033451
0.065357 0.026443
0.063217 0.015445
0.080098 0.003047
0.077562 0.023988
0.075838 0.036001
0.073975 0.043656
0.071840 0.048163
0.069455 0.049841
0.066875 0.048674
0.064181 0.044379
0.061548 0.036206
0.059455 0.022204
0.069804 0.003992
0.066727 0.035849
0.065660 0.051340
0.064466 0.060182
0.062779 0.065063
0.060604 0.066745
0.058027 0.065265
0.055192 0.060143
0.052406 0.050052
0.050499 0.031561
0.052736 0.004777
0.051218 0.044468
0.049334 0.070860
0.048692 0.082530
0.047737 0.087836
0.045985 0.089361
0.043556 0.087267
0.040677 0.080826
0.037830 0.067955
0.037919 0.038946
0.028446 0.005687
0.028087 0.053636
0.027642 0.087149
0.027069 0.107913
0.026407 0.116766
0.025312 0.117984
0.023204 0.114930
0.020425 0.106544
0.020396 0.082136
0.020706 0.044769
0.003407 0.002261
0.003402 0.022737
0.003398 0.039197
0.003391 0.051494
0.003381 0.059441
0.003368 0.062781
0.003348 0.061173
0.003313 0.054161
0.003240 0.041150
0.002779 0.023139
0.033340 0.001972
0.032840 0.019620
0.032217 0.033336
0.031419 0.042984
0.030634 0.047529
0.029898 0.047786
0.029032 0.044859
0.028039 0.038809
0.026940 0.029460
0.025792 0.016267
0.056051 0.001745
0.054611 0.016438
0.053304 0.026473
0.052006 0.032918
0.050671 0.036285
0.049281 0.036828
0.047829 0.034677
0.046316 0.029872
0.044745 0.022384
0.043131 0.012050
0.071987 0.001328
0.070144 0.012889
0.068317 0.021536
0.066483 0.027479
0.064636 0.030829
0.062772 0.031654
0.060891 0.029992
0.058992 0.025866
0.057076 0.019285
0.055140 0.010248
0.081289 0.001290
0.079178 0.012658
0.077053 0.021351
0.074913 0.027454
0.072762 0.031011
0.070605 0.032044
0.068445 0.030557
0.066290 0.026538
0.064147 0.019949
0.062030 0.010709
0.084044 0.001703
0.081808 0.015865
0.079620 0.025969
0.077411 0.032822
0.075168 0.036756
0.072896 0.037891
0.070608 0.036250
0.068322 0.031764
0.066069 0.024253
0.063906 0.013346
0.080257 0.002565
0.078044 0.022513
0.076031 0.035405
0.073992 0.043604
0.071870 0.048070
0.069665 0.049190
0.067398 0.047051
0.065109 0.041511
0.062865 0.032159
0.060793 0.018123
0.069847 0.003820
0.067815 0.032518
0.066205 0.049663
0.064572 0.059853
0.062787 0.065038
0.060835 0.066029
0.058746 0.063036
0.056588 0.055834
0.054475 0.043692
0.052633 0.025040
0.052736 0.004770
0.051218 0.044468
0.049962 0.068736
0.048966 0.081683
0.047737 0.087835
0.046231 0.088598
0.044489 0.084385
0.042605 0.074876
0.040759 0.058950
0.039292 0.034142
0.028447 0.005686
0.028088 0.053638
0.027642 0.087149
0.027070 0.107915
0.026418 0.116732
0.025565 0.117204
0.024351 0.111384
0.022907 0.098877
0.021477 0.078094
0.020718 0.044712
0.003407 0.002259
0.003402 0.022735
0.003397 0.039192
0.003391 0.051494
0.003380 0.059437
0.003368 0.062781
0.003348 0.061173
0.003315 0.054161
0.003245 0.041129
0.002994 0.021876
0.033340 0.001967
0.032840 0.019620
0.032218 0.033313
0.031514 0.042268
0.030771 0.046713
0.029945 0.047507
0.029036 0.044839
0.028049 0.038753
0.026991 0.029157
0.025877 0.015765
0.056076 0.001585
0.054808 0.015272
0.053507 0.025269
0.052162 0.031989
0.050771 0.035696
0.049331 0.036527
0.047846 0.034576
0.046317 0.029865
0.044748 0.022367
0.043143 0.011975
0.071996 0.001274
0.070206 0.012523
0.068394 0.021076
0.066559 0.027021
0.064704 0.030421
0.062828 0.031317
0.060933 0.029738
0.059020 0.025696
0.057091 0.019196
0.055146 0.010216
0.081289 0.001287
0.079180 0.012646
0.077063 0.021289
0.074938 0.027303
0.072806 0.030747
0.070668 0.031660
0.068527 0.030068
0.066383 0.025984
0.064238 0.019407
0.062094 0.010328
0.084055 0.001643
0.081837 0.015697
0.079626 0.025931
0.077412 0.032813
0.075193 0.036604
0.072969 0.037456
0.070742 0.035449
0.068517 0.030604
0.066298 0.022895
0.064095 0.012239
0.080296 0.002340
0.078184 0.021687
0.076095 0.035022
0.073998 0.043565
0.071882 0.047999
0.069746 0.048705
0.067596 0.045871
0.065439 0.039545
0.063289 0.029643
0.061165 0.015939
0.069922 0.003372
0.068136 0.030620
0.066385 0.048592
0.064610 0.059624
0.062790 0.065019
0.060923 0.065503
0.059015 0.061431
0.057081 0.052896
0.055145 0.039729
0.053240 0.021475
0.052743 0.004702
0.051501 0.042491
0.050306 0.066697
0.049063 0.081107
0.047737 0.087832
0.046323 0.088049
0.044830 0.082346
0.043281 0.070858
0.041709 0.053312
0.040171 0.028953
0.028447 0.005681
0.028089 0.053638
0.027642 0.087150
0.027070 0.107897
0.026422 0.116711
0.025656 0.116657
0.024763 0.108928
0.023771 0.093735
0.022729 0.070669
0.021714 0.038563
